   376.859985   2.153449
   381.869995   1.629741
   386.880005   1.561704
   391.890015   1.628773
   396.890015   1.856190
   401.899994   2.464275
   406.910004   2.507089
   411.920013   2.555914
   416.929993   2.494913
   421.940002   2.450242
   426.950012   2.215662
   431.959991   2.177769
   436.959991   2.429682
   441.970001   2.543682
   446.980011   2.676784
   451.989990   2.744430
   457.000000   2.794184
   462.010010   2.768547
   467.019989   2.686612
   472.019989   2.612434
   477.029999   2.637311
   482.040009   2.622779
   487.049988   2.455050
   492.059998   2.523475
   497.070007   2.536925
   502.079987   2.408334
   507.089996   2.412555
   512.090027   2.382944
   517.099976   2.244622
   522.109985   2.333040
   527.119995   2.359522
   532.130005   2.426547
   537.140015   2.430062
   542.150024   2.381181
   547.150024   2.427294
   552.159973   2.442348
   557.169983   2.387551
   562.179993   2.374361
   567.190002   2.349952
   572.200012   2.308640
   577.210022   2.285479
   582.219971   2.375137
   587.219971   2.294904
   592.229980   2.205107
   597.239990   2.283065
   602.250000   2.302629
   607.260010   2.353834
   612.270020   2.322158
   617.280029   2.332503
   622.280029   2.362832
   627.289978   2.296657
   632.299988   2.319266
   637.309998   2.384248
   642.320007   2.381056
   647.330017   2.237164
   652.340027   2.253285
   657.349976   2.190838
   662.349976   2.323657
   667.359985   2.270484
   672.369995   2.316267
   677.380005   2.267876
   682.390015   2.290637
   687.400024   2.078962
   692.409973   2.276303
   697.409973   2.599220
   702.419983   2.813128
   707.429993   3.084903
   712.440002   3.260217
   717.450012   2.805398
   722.460022   2.709162
   727.469971   2.770653
   732.479980   3.222361
   737.479980   3.675461
   742.489990   3.935864
   747.500000   4.096736
   752.510010   4.146389
   757.520020   3.563742
   762.530029   1.792818
   767.539978   3.281668
   772.539978   4.258031
   777.549988   4.382526
   782.559998   4.433680
   787.570007   4.294197
   792.580017   4.200227
   797.590027   4.254298
   802.599976   4.230631
   807.609985   4.282294
   812.609985   3.730745
   817.619995   3.149360
   822.630005   3.347989
   827.640015   3.626254
   832.650024   3.872579
   837.659973   4.341567
   842.669983   4.552641
   847.669983   4.605083
   852.679993   4.430545
   857.690002   4.625216
   862.700012   4.755294
   867.710022   4.646104
   872.719971   4.776307
   877.729980   4.828060
   882.739990   4.833497
   887.739990   4.825294
   892.750000   4.429859
   897.760010   3.314982
   902.770020   3.375742
   907.780029   3.294332
   912.789978   2.990341
   917.799988   3.189523
   922.809998   3.635871
   927.809998   2.725405
   932.820007   1.012730
   937.830017   0.862264
   942.840027   1.125688
   947.849976   1.071046
   952.859985   1.209472
   957.869995   1.446065
   962.869995   1.826241
   967.880005   2.682634
   972.890015   3.045733
   977.900024   3.092148
   982.909973   3.681616
   987.919983   4.125555
   992.929993   4.332829
   997.940002   4.463078
  1002.940002   4.384473
  1007.950012   4.484772
  1012.960022   4.552821
  1017.969971   4.663864
  1022.979980   4.636909
  1027.989990   4.657978
  1033.000000   4.788055
  1038.000000   4.793662
  1043.010010   4.765482
  1048.020020   4.764290
  1053.030029   4.774644
  1058.040039   4.719945
  1063.050049   4.694284
  1068.060059   4.591512
  1073.069946   4.581970
  1078.069946   4.540808
  1083.079956   4.340935
  1088.089966   4.204443
  1093.099976   3.946054
  1098.109985   3.489196
  1103.119995   2.976569
  1108.130005   2.560506
  1113.130005   1.699845
  1118.140015   0.615692
  1123.150024   0.316002
  1128.160034   0.328625
  1133.170044   0.435640
  1138.180054   0.700479
  1143.189941   0.592815
  1148.199951   0.492378
  1153.199951   0.705618
  1158.209961   1.202045
  1163.219971   1.720296
  1168.229980   1.999802
  1173.239990   2.128499
  1178.250000   2.161878
  1183.260010   1.990867
  1188.260010   2.078300
  1193.270020   2.265911
  1198.280029   2.140719
  1203.290039   2.130885
  1208.300049   2.276100
  1213.310059   2.267959
  1218.319946   2.440048
  1223.329956   2.516421
  1228.329956   2.637526
  1233.339966   2.721880
  1238.349976   2.782935
  1243.359985   2.760593
  1248.369995   2.727307
  1253.380005   2.623405
  1258.390015   2.439984
  1263.390015   2.130283
  1268.400024   1.942358
  1273.410034   2.248586
  1278.420044   2.440915
  1283.430054   2.498046
  1288.439941   2.466512
  1293.449951   2.403622
  1298.459961   2.193845
  1303.459961   1.995666
  1308.469971   1.770646
  1313.479980   1.507422
  1318.489990   1.349958
  1323.500000   1.191873
  1328.510010   0.847613
  1333.520020   0.576326
  1338.520020   0.607404
  1343.530029   0.379607
  1348.540039   0.059618
  1353.550049  -0.005876
  1358.560059  -0.005098
  1363.569946  -0.005601
  1368.579956  -0.004524
  1373.589966   0.000954
  1378.589966   0.003103
  1383.599976   0.002762
  1388.609985   0.005284
  1393.619995   0.004428
  1398.630005   0.006568
  1403.640015   0.004482
  1408.650024   0.003775
  1413.650024   0.007719
  1418.660034   0.009319
  1423.670044   0.015950
  1428.680054   0.025181
  1433.689941   0.020747
  1438.699951   0.020059
  1443.709961   0.027789
  1448.719971   0.045260
  1453.719971   0.075051
  1458.729980   0.123045
  1463.739990   0.104224
  1468.750000   0.051617
  1473.760010   0.085319
  1478.770020   0.093811
  1483.780029   0.136275
  1488.780029   0.208571
  1493.790039   0.326868
  1498.800049   0.454645
  1503.810059   0.455982
  1508.819946   0.565484
  1513.829956   0.620620
  1518.839966   0.656535
  1523.849976   0.734477
  1528.849976   0.750419
  1533.859985   0.778662
  1538.869995   0.803759
  1543.880005   0.823940
  1548.890015   0.843147
  1553.900024   0.843142
  1558.910034   0.849367
  1563.910034   0.844294
  1568.920044   0.792540
  1573.930054   0.732205
  1578.939941   0.750001
  1583.949951   0.812520
  1588.959961   0.832513
  1593.969971   0.857362
  1598.979980   0.807348
  1603.979980   0.786169
  1608.989990   0.802949
  1614.000000   0.834135
  1619.010010   0.864587
  1624.020020   0.886347
  1629.030029   0.899276
  1634.040039   0.878600
  1639.040039   0.840628
  1644.050049   0.835098
  1649.060059   0.837408
  1654.069946   0.837567
  1659.079956   0.860132
  1664.089966   0.814873
  1669.099976   0.814160
  1674.109985   0.819554
  1679.109985   0.808115
  1684.119995   0.793921
  1689.130005   0.772872
  1694.140015   0.756901
  1699.150024   0.729784
  1704.160034   0.727901
  1709.170044   0.679057
  1714.170044   0.675656
  1719.180054   0.664785
  1724.189941   0.586417
  1729.199951   0.602799
  1734.209961   0.552010
  1739.219971   0.534398
  1744.229980   0.512151
  1749.239990   0.501699
  1754.239990   0.485378
  1759.250000   0.466873
  1764.260010   0.398946
  1769.270020   0.375507
  1774.280029   0.305422
  1779.290039   0.245018
  1784.300049   0.197699
  1789.300049   0.198170
  1794.310059   0.080225
  1799.319946   0.061132
  1804.329956   0.014977
  1809.339966   0.008622
  1814.349976   0.002626
  1819.359985  -0.000015
  1824.369995   0.000978
  1829.369995   0.001944
  1834.380005   0.001641
  1839.390015   0.001951
  1844.400024   0.001360
  1849.410034   0.002696
  1854.420044   0.002129
  1859.430054   0.001102
  1864.439941   0.002500
  1869.439941   0.002065
  1874.449951   0.001076
  1879.459961   0.002035
  1884.469971   0.003310
  1889.479980   0.002337
  1894.489990   0.002069
  1899.500000   0.001712
  1904.500000   0.001042
  1909.510010   0.002082
  1914.520020   0.001234
  1919.530029   0.001098
  1924.540039   0.001907
  1929.550049   0.000229
  1934.560059   0.001729
  1939.569946   0.001926
  1944.569946   0.004229
  1949.579956   0.005732
  1954.589966   0.003573
  1959.599976   0.008579
  1964.609985   0.021113
  1969.619995   0.046931
  1974.630005   0.071668
  1979.630005   0.092308
  1984.640015   0.120959
  1989.650024   0.118148
  1994.660034   0.104625
  1999.670044   0.034420
  2004.680054   0.009252
  2009.689941   0.025176
  2014.699951   0.017495
  2019.699951   0.041362
  2024.709961   0.098814
  2029.719971   0.138473
  2034.729980   0.171902
  2039.739990   0.166197
  2044.750000   0.157299
  2049.760010   0.113694
  2054.760010   0.072680
  2059.770020   0.098039
  2064.780029   0.089040
  2069.790039   0.095041
  2074.800049   0.121814
  2079.810059   0.149130
  2084.820068   0.152227
  2089.830078   0.158658
  2094.830078   0.164822
  2099.840088   0.161637
  2104.850098   0.168499
  2109.860107   0.167698
  2114.870117   0.167992
  2119.879883   0.164777
  2124.889893   0.168459
  2129.889893   0.178009
  2134.899902   0.182461
  2139.909912   0.178533
  2144.919922   0.179101
  2149.929932   0.165200
  2154.939941   0.167116
  2159.949951   0.165987
  2164.959961   0.155304
  2169.959961   0.166002
  2174.969971   0.166666
  2179.979980   0.165106
  2184.989990   0.153829
  2190.000000   0.168378
  2195.010010   0.162442
  2200.020020   0.147144
  2205.020020   0.154337
  2210.030029   0.174028
  2215.040039   0.169782
  2220.050049   0.172298
  2225.060059   0.166993
  2230.070068   0.165763
  2235.080078   0.160387
  2240.090088   0.153490
  2245.090088   0.145129
  2250.100098   0.141304
  2255.110107   0.132840
  2260.120117   0.123909
  2265.129883   0.120419
  2270.139893   0.117597
  2275.149902   0.113326
  2280.149902   0.114155
  2285.159912   0.110372
  2290.169922   0.105142
  2295.179932   0.096760
  2300.189941   0.093334
  2305.199951   0.096922
  2310.209961   0.102753
  2315.219971   0.086990
  2320.219971   0.072591
  2325.229980   0.084383
  2330.239990   0.088711
  2335.250000   0.082998
  2340.260010   0.064994
  2345.270020   0.063217
  2350.280029   0.050683
  2355.280029   0.059771
  2360.290039   0.070341
  2365.300049   0.064833
  2370.310059   0.042939
  2375.320068   0.047889
  2380.330078   0.042880
  2385.340088   0.035453
  2390.350098   0.044744
  2395.350098   0.047584
  2400.360107   0.048297
  2405.370117   0.036143
  2410.379883   0.033172
  2415.389893   0.019791
  2420.399902   0.025086
  2425.409912   0.033614
  2430.409912   0.039322
  2435.419922   0.019361
  2440.429932   0.033281
  2445.439941   0.015606
  2450.449951   0.007058
  2455.459961   0.019829
  2460.469971   0.021527
  2465.479980   0.013723
  2470.479980   0.008477
  2475.489990   0.006060
  2480.500000   0.002995
  2485.510010   0.002089
  2490.520020   0.002527
  2495.530029   0.002237
  2500.540039   0.005122
